GENE       CHR      START       STOP  NSNPS  NRARE  NPARAM       N        ZSTAT            P          RSQ      RSQ_ADJ
6339         1    1280415    1292029   2249   2249     153  235812       4.9866   3.0721e-07    0.0010881   0.00043958
219293       1    1441301    1470158   1386   1386      76  235812       4.3425   7.0435e-06    0.0006014   0.00027919
63976        1    3068227    3438621   2484   2484     162  235812       3.3074   0.00047081   0.00096771   0.00028092
60672        1   12019242   12032049    997    997      60  235812       3.4068   0.00032859   0.00044318   0.00018877
93190        1   12746186   12761169    386    386      16  235812       3.6345   0.00013926   0.00019078    0.0001229
343068       1   13254198   13263435    301    301      13  235812       3.1689     0.000765   0.00014963   9.4473e-05
23254        1   13893515   15118048   3080   3080     206  235812       3.8973   4.8627e-05    0.0012496   0.00037634
727684       1   15164196   15171624    207    207       9  235812       3.2633   0.00055063   0.00012475   8.6606e-05
8574         1   19302708   19312146    821    821      54  235812       5.0446   2.2726e-07   0.00052385   0.00029492
6920         1   23380909   23424779    946    946      59  235812       3.0055    0.0013258    0.0004115   0.00016129
400746       1   24556076   24609328    275    275      11  235812       3.6664     0.000123   0.00015618   0.00010955
2268         1   27612289   27635561    919    919      57  235812       3.5087   0.00022515   0.00043317   0.00019145
9410         1   31259568   31296797    894    894      57  235812       3.7475   8.9306e-05   0.00044917   0.00020748
127534       1   34759741   34763724    414    414      17  235812       3.2294   0.00062027    0.0001791   0.00010699
64756        1   46635039   46668427    906    906      35  235812       3.1187   0.00090823   0.00028403   0.00013566
148979       1   53506233   53734204   1380   1380      75  235812       4.9084   4.5908e-07   0.00064092     0.000323
26027        1   54548134   54634744   2919   2919     200  235812       3.5256   0.00021125    0.0011797   0.00033188
731          1   56854770   56918221   1228   1228      70  235812       3.2419   0.00059358   0.00048671    0.0001899
115209       1   58480719   58546799    319    319      13  235812       3.0788    0.0010393   0.00014595   9.0837e-05
10207        1   61742477   62163920   3983   3983     264  235812       3.5849   0.00016861    0.0015025   0.00038338
9829         1   65248148   65415869   2041   2041     145  235812       3.5176   0.00021773   0.00090141    0.0002867
8880         1   77944055   77979205   1635   1635     107  235812       3.2381   0.00060154   0.00068167   0.00022805
255631       1   85729233   86156791   4277   4277     296  235812       3.3173   0.00045453    0.0016257   0.00037092
6125         1   92832037   92841924    659    659      26  235812       3.2675   0.00054254   0.00023803   0.00012779
400818       1  149054033  149090861    892    892      57  235812       3.0697    0.0010714   0.00040471   0.00016302
56957        1  149940330  150010772   1140   1140      67  235812       3.2956   0.00049114   0.00047414   0.00019008
51686        1  151762969  151771330    720    720      51  235812       3.1153   0.00091889   0.00037455   0.00015831
339398       1  151800264  151805442    516    516      20  235812         3.14   0.00084473   0.00019443   0.00010961
6703         1  153039725  153041118    106    106       5  235812       3.6269    0.0001434   0.00010574   8.4579e-05
6708         1  158610498  158686716   5175   5175     195  235812        3.211   0.00066131    0.0011222   0.00029552
51744        1  160830158  160862902    817    817      54  235812       3.1235   0.00089354   0.00039165   0.00016272
64326        1  175944826  176207279   1492   1492     102  235812       3.0224     0.001254    0.0006387   0.00020623
460          1  176857305  177164904   3082   3082     208  235812       3.6642   0.00012405    0.0012344   0.00035262
89866        1  177929107  177969915   2355   2355     158  235812       3.4698    0.0002604   0.00096307   0.00029325
81788        1  205302059  205321791    996    996      60  235812       3.2826    0.0005143   0.00043493   0.00018054
642587       1  209428823  209432552    300    300      12  235812       3.7576    8.577e-05   0.00016766   0.00011677
255928       1  209938174  210164291   1242   1242      70  235812       3.5938   0.00016297   0.00051149    0.0002147
7399         1  215622894  216423396   8456   8456     605  235812       3.1216   0.00089933    0.0030502   0.00048584
149111       1  224434790  224740567   1067   1067      64  235812       3.4405   0.00029028   0.00046762   0.00019628
9725         1  225840570  225882720   2274   2274     151  235812       3.2303   0.00061821   0.00090521     0.000265
81559        1  228393672  228406877    682    682      27  235812       3.4278   0.00030425   0.00025242   0.00013793
4548         1  236794304  236903981   3123   3123     229  235812       4.4331   4.6454e-06     0.001427   0.00045633
128025       1  241652278  241802745   2198   2198     151  235812       3.1821   0.00073101   0.00090076   0.00026059
105379285    1  248445607  248548838   1200   1200      46  235812       4.0276   2.8174e-05   0.00040335   0.00020832
401992       1  248449062  248548832   1200   1200      46  235812       4.0276   2.8174e-05   0.00040335   0.00020832
343173       1  248473351  248474307    285    285      12  235812       3.7718   8.1051e-05   0.00016829   0.00011742
401994       1  248483422  248698899   2316   2316     154  235812       3.4075   0.00032779    0.0009369   0.00028408
127068       1  248573801  248574757    248    248      10  235812       3.1744   0.00075062    0.0001287   8.6248e-05
347688      10      46638      76455    774    774      51  235812       3.1847   0.00072446   0.00037882    0.0001626
57118       10   12349517   12835545   1018   1018      61  235812       3.4137   0.00032042   0.00044919   0.00019056
8029        10   16823966   17130249   6894   6894     507  235812       3.2797   0.00051958    0.0026201   0.00047106
22931       10   27504174   27542237    562    562      22  235812       3.5118   0.00022251   0.00022501   0.00013173
8325        10   35638249   35641434    751    751      30  235812       3.3302   0.00043389   0.00026569   0.00013852
1763        10   68414064   68472516   1846   1846     115  235812       3.1868   0.00071918   0.00071869   0.00023109
6832        10   69180204   69209098   1377   1377      76  235812       3.3178   0.00045371    0.0005244   0.00020218
3098        10   69269984   69401882   2328   2328     155  235812       3.0616    0.0011008   0.00090962   0.00025249
9211        10   93757809   93798159    641    641      25  235812       3.3379   0.00042214   0.00023537   0.00012934
1559        10   94938658   94989391   1169   1169      67  235812       3.4397   0.00029115   0.00048409   0.00020003
55361       10   97640686   97676434    773    773      53  235812       4.1664   1.5473e-05   0.00045448   0.00022978
1369        10  100042308  100081901    833    833      33  235812       3.0617    0.0011004   0.00026933    0.0001294
387715      10  122454663  122457352    170    170       7  235812       3.3509   0.00040279   0.00011255    8.291e-05
1028        11    2883218    2885816    642    642      25  235812       3.0624    0.0010977   0.00022178   0.00011575
116969      11    3638506    3642316    813    813      32  235812        3.026    0.0012391   0.00026162   0.00012589
6609        11    6390301    6394998    966    966      60  235812       3.2297   0.00061971   0.00043145   0.00017703
8495        11    7513765    7667344   3509   3509     244  235812       3.5373   0.00020212    0.0013988   0.00036442
9152        11   20599400   20659285   1703   1703      88  235812       3.4632   0.00026688   0.00059954   0.00022644
5222        11   61241157   61251457    443    443      18  235812        5.321   5.1599e-08   0.00029537   0.00021905
10235       11   64726911   64745456   1644   1644     108  235812       3.0288    0.0012276   0.00066996   0.00021207
254187      11   65945445   65960392    987    987      59  235812        3.244   0.00058932    0.0004269   0.00017679
25855       11   66337333   66345111    849    849      54  235812       3.0453    0.0011623   0.00038677   0.00015777
105379411   11   73580220   73648096    214    214       9  235812       4.1883   1.4052e-05   0.00016335   0.00012517
58473       11   73646178   73662819    941    941      59  235812       3.0742    0.0010554    0.0004159   0.00016576
26011       11   78653283   79440989   3942   3942     285  235812       3.6339   0.00013956    0.0016111   0.00040305
143689      11   94567308   94621421   1664   1664     109  235812       3.3524   0.00040053   0.00070138   0.00023925
100506742   11  104885718  104898670    631    631      25  235812       3.1609   0.00078648   0.00022658   0.00012058
9177        11  113898923  113946561    863    863      34  235812        3.081    0.0010316   0.00027618   0.00013202
486         11  117820075  117828092    726    726      29  235812       3.9808    3.434e-05   0.00029515   0.00017214
5818        11  119638098  119728725   2275   2275      86  235812        3.588   0.00016658   0.00059838   0.00023377
390264      11  124015575  124016510    289    289      12  235812       3.5746   0.00017541   0.00015964   0.00010872
390265      11  124038066  124039001    294    294      12  235812       4.3061   8.3088e-06   0.00019313   0.00014228
4013        11  124115404  124146912   1550   1550      59  235812       3.2225   0.00063544   0.00042549    0.0001753
89944       11  134331874  134376328   1755   1755     112  235812       3.5889   0.00016603    0.0007368   0.00026196
8798        12    4590072    4613888   1280   1280      71  235812       4.4099   5.1719e-06   0.00057784   0.00027686
55200       12    6310436    6328506   2010   2010     121  235812       3.4279   0.00030412   0.00076997   0.00025696
6337        12    6346843    6377357   1877   1877     117  235812       3.0164     0.001279    0.0007148   0.00021875
5830        12    7189163    7218574   1568   1568     105  235812       3.6357    0.0001386   0.00070378   0.00025862
3823        12   10412315   10420595    407    407      16  235812       3.6958    0.0001096   0.00019365   0.00012583
6579        12   21264600   21403657   1604   1604      83  235812       3.1597   0.00078967   0.00055022    0.0001983
1663        12   31073581   31104799   2223   2223     152  235812       3.2739   0.00053043   0.00091428   0.00026983
79657       12   47661932   47706061   1267   1267      71  235812       3.6143   0.00015059   0.00051849   0.00021744
91010       12   49637941   49707414   2910   2910     200  235812       3.2232   0.00063379    0.0011481   0.00030023
140807      12   52585589   52602944   1027   1027      40  235812       3.3682   0.00037834   0.00032717   0.00015759
374454      12   52689612   52703534   1051   1051      41  235812        3.403   0.00033329   0.00033503   0.00016117
196374      12   52837804   52848994   1072   1072      64  235812       3.8993   4.8231e-05   0.00049969   0.00022835
3071        12   54497711   54543115   2167   2167     151  235812       3.2816   0.00051616   0.00090996   0.00026977
254783      12   55239762   55248226    250    250      10  235812       3.1098   0.00093603   0.00012622   8.3804e-05
319         12   56360571   56362799    344    344      14  235812       3.9877   3.3362e-05    0.0001931   0.00013369
64333       12   57472255   57483959   1816   1816     115  235812       3.4788   0.00025187   0.00074317   0.00025564
79738       12   76344486   76348442    674    674      49  235812        4.026   2.8364e-05   0.00042119   0.00021344
144455      12   77021246   77065580   1252   1252      71  235812       3.5758    0.0001746   0.00051572    0.0002147
9971        12  100473759  100563867    856    856      34  235812       4.1021   2.0474e-05   0.00033414   0.00019002
50511       12  101728648  101739513    656    656      26  235812       3.5603   0.00018519   0.00025306   0.00014281
23325       12  105107714  105169135   2903   2903     179  235812       3.2908    0.0004996     0.001051   0.00029218
488         12  110281227  110351093   2907   2907     200  235812       3.7311   9.5336e-05    0.0012014   0.00035357
5027        12  121132819  121186551   1336   1336      73  235812       3.2793   0.00052033    0.0005055   0.00019598
10198       12  123152324  123244014   1993   1993     144  235812       3.0389     0.001187   0.00085269   0.00024217
100293704   12  123363059  123365789   1157   1157      68  235812       3.2332   0.00061197   0.00047529   0.00018698
196385      12  123761133  123935720   7950   7950     300  235812       3.0203    0.0012628    0.0016087   0.00033695
7574        12  132986348  133012568    845    845      55  235812       3.3334   0.00042903   0.00041051   0.00017726
23143       13   46553138   46753041   2363   2363     158  235812       4.3144   8.0008e-06    0.0010461   0.00037628
1102        13   48488963   48533256   1197   1197      68  235812       3.1859   0.00072141   0.00047206    0.0001837
84899       13  100603836  100675089   2400   2400      91  235812        3.259   0.00055904   0.00059982   0.00021398
8874        13  111115277  111305734   3292   3292     234  235812       3.7708    8.136e-05    0.0013759   0.00038397
8858        13  113155061  113172386    895    895      57  235812       3.5308   0.00020713   0.00043464     0.000193
101928841   13  113399610  113420858   1809   1809     115  235812       3.1344   0.00086097   0.00071435    0.0002268
390437      14   20143736   20144662    338    338      14  235812       4.2257   1.1909e-05   0.00020464   0.00014526
10202       14   23630115   23645639   1248   1248      91  235812        4.576   2.3696e-06   0.00070588   0.00032008
54331       14   51847131   51969800    144    144       6  235812       3.7922   7.4655e-05   0.00012098   9.5546e-05
26094       14   72926332   72962098   1431   1431      78  235812       3.1302    0.0008735   0.00052164   0.00019097
10538       14   75522441   75546992    263    263      11  235812       3.3959   0.00034201   0.00014481   9.8109e-05
145497      14   76826376   76870302   1293   1293      71  235812       3.0036    0.0013341   0.00047567   0.00017464
7253        14   80954989   81146302   1876   1876     117  235812       3.3502   0.00040373   0.00074267   0.00024658
341947      14   93347191   93348354    234    234      10  235812       3.1621   0.00078316   0.00012822   8.5831e-05
327657      14   94462721   94476333    863    863      34  235812       3.1011     0.000964   0.00027726    0.0001331
55102       14   96281258   96363341   3613   3613     247  235812       3.3542     0.000398    0.0013926   0.00034553
10914       14   96502376   96567116   2359   2359     157  235812       3.0282    0.0012302   0.00091646   0.00025082
51466       14  100019387  100144236   1264   1264      71  235812       3.1916   0.00070754    0.0004886   0.00018758
64423       14  104689606  104719610   2893   2893     199  235812       3.0479    0.0011524    0.0011252   0.00028151
2567        15   26971282   27533895   1004   1004      39  235812       3.3771   0.00036626   0.00032184   0.00015646
54893       15   30919764   30991604   4018   4018     287  235812       3.0901    0.0010005    0.0015551   0.00033844
90417       15   40382721   40394288    843    843      55  235812        3.002    0.0013411   0.00038955   0.00015634
6652        15   45023104   45075089    771    771      52  235812       4.1745   1.4933e-05   0.00044908   0.00022864
2585        15   49155759   49367894   1694   1694     110  235812       3.1916   0.00070748   0.00069338   0.00022697
4644        15   52307283   52529050   3476   3476     221  235812        3.037    0.0011945    0.0012312   0.00029427
256764      15   53513741   53762878   1959   1959     119  235812       3.0417    0.0011764   0.00072704    0.0002225
366         15   58138209   58185911    641    641      25  235812       3.2314   0.00061595   0.00023006   0.00012404
663         15   59659146   59689529   1677   1677      86  235812       3.2534   0.00057007   0.00057301   0.00020838
6095        15   60488284   61229303   1621   1621     108  235812       4.3458   6.9397e-06   0.00078073   0.00032288
342096      15   74067654   74082747    476    476      19  235812       3.7782   7.8994e-05   0.00021832   0.00013775
79834       15   77100829   77420104   7422   7422     541  235812       3.1212   0.00090047    0.0027538   0.00046062
2184        15   80152891   80186582   1180   1180      68  235812        3.456   0.00027411   0.00049073   0.00020242
647042      15   82339993   82349475    490    490      19  235812       3.1324   0.00086685   0.00018772   0.00010717
5428        15   89316305   89334795   2721   2721     192  235812       3.0661    0.0010844    0.0010928   0.00027877
146325      16    560422    565529   1017   1017      61  235812        3.135    0.0008594   0.00043072   0.00017208
10232       16    760732    768865   1867   1867     116  235812       3.1617    0.0007842   0.00072173    0.0002299
63922       16    788622    798074   4118   4118     287  235812       3.2247   0.00063047    0.0015712   0.00035453
7177        16   1240677   1242554    500    500      19  235812       3.6045    0.0001564    0.0002098   0.00012922
64711       16   1911463   1921422    560    560      22  235812       3.0805    0.0010334   0.00020422   0.00011092
752014      16   2530035   2531408    414    414      17  235812       3.3085   0.00046893   0.00018264   0.00011051
54820       16  15643267  15726353   3359   3359     218  235812       3.0025    0.0013388    0.0012129   0.00028878
23214       16  28097976  28211960   2383   2383     158  235812       3.7466    8.964e-05   0.00098978   0.00032002
653808      16  29760827  29781648    280    280      12  235812       3.6591   0.00012654   0.00016331   0.00011247
2775        16  56191339  56357444   2166   2166     150  235812       3.1328   0.00086559   0.00089122   0.00025529
9709        16  56931765  56943881    855    855      34  235812       3.8782   5.2624e-05   0.00032084   0.00017667
221188      16  57529333  57577210   1078   1078      42  235812       3.2329   0.00061262   0.00033086   0.00015277
55815       16  67806656  67828068   1484   1484      80  235812       3.9278   4.2871e-05    0.0005917   0.00025254
25839       16  70480569  70523554   1872   1872     139  235812       3.1075   0.00094332   0.00083374   0.00024444
1504        16  75218986  75224924    645    645      25  235812        3.388   0.00035201    0.0002379   0.00013185
23417       16  83899125  83916182   1284   1284      72  235812       3.0928   0.00099136   0.00048712   0.00018179
51659       16  85677674  85688982    746    746      52  235812       3.3335   0.00042878   0.00039371   0.00017327
105376780   16  89232741  89234453    500    500      19  235812       3.6233   0.00014542   0.00021072   0.00013012
54849       16  89948697  89968060   1701   1701      88  235812       3.2083   0.00066763   0.00058018   0.00020707
83547       17   1646150   1650098    944    944      59  235812       3.5815   0.00017083    0.0004493   0.00019914
8388        17   3432870   3433841    252    252      11  235812       3.6125   0.00015163   0.00015387   0.00010723
84690       17   3440011   3513852   1498   1498     102  235812       4.8888    5.072e-07   0.00079564   0.00036329
83659       17   6797993   6831741    768    768      52  235812       3.2893   0.00050217   0.00039093   0.00017047
59344       17   8095900   8118916   1679   1679      87  235812       4.2508    1.065e-05   0.00065633   0.00028747
9482        17   9250471   9575958    667    667      26  235812       3.3181    0.0004532   0.00024058   0.00013036
100533496   17  15436015  15563631   1676   1676      85  235812        4.243   1.1025e-05   0.00064449   0.00028414
201158      17  15502264  15563631   1470   1470      99  235812        3.283    0.0005135   0.00064364   0.00022393
55244       17  19533854  19579033   1468   1468     102  235812       3.7329   9.4647e-05   0.00069585   0.00026345
147007      17  28357581  28363683    579    579      23  235812       3.5355   0.00020353   0.00023265   0.00013512
146861      17  35192520  35194393    389    389      16  235812        3.312   0.00046312   0.00017612    0.0001083
6351        17  36103827  36105621    239    239      10  235812       3.0988   0.00097152    0.0001258   8.3447e-05
83755       17  41123091  41124167    233    233      10  235812       3.9074   4.6649e-05   0.00015895   0.00011659
85290       17  41167231  41168172    167    167       7  235812       4.5475    2.714e-06    0.0001622    0.0001325
84313       17  42773436  42779600    435    435      18  235812       3.1426   0.00083738   0.00018175   0.00010544
51326       17  46499818  46579792    833    833      33  235812       3.3536   0.00039889   0.00028501   0.00014508
124773      17  60421085  60431426    789    789      31  235812        4.583   2.2913e-06   0.00034401   0.00021261
339175      17  62423885  62450093    692    692      27  235812       3.0837    0.0010222   0.00023492    0.0001204
11314       17  74466366  74484798    895    895      57  235812       4.0643   2.4088e-05   0.00047097    0.0002293
2232        17  74862497  74873031   1391   1391      76  235812       4.0438   2.6301e-05   0.00057826   0.00025606
283987      17  74950742  74972805   1794   1794     113  235812       3.6248   0.00014461    0.0007451   0.00026602
3396        17  75012664  75021261    442    442      18  235812       3.9191   4.4433e-05   0.00021844   0.00014216
114757      17  76527348  76557597   1118   1118      66  235812       3.2517   0.00057351    0.0004657   0.00018585
768206      17  76527586  76553580   1118   1118      66  235812       3.2517   0.00057351    0.0004657   0.00018585
57602       17  78787385  78840898   2210   2210     151  235812        3.744   9.0556e-05   0.00095354    0.0003134
7077        17  78852977  78925390   1149   1149      66  235812       3.7368   9.3173e-05   0.00049942   0.00021958
100653515   17  78890579  78903217    643    643      25  235812       3.4052   0.00033052   0.00023877    0.0001328
22994       17  81189593  81222994   2754   2754     172  235812       3.0466    0.0011572   0.00099245   0.00026327
1468        17  81712236  81721016   1314   1314      73  235812       3.0245    0.0012452   0.00048771   0.00017822
5034        17  81843158  81860668   1258   1258      71  235812       3.1279   0.00088028    0.0004842   0.00018311
101927376   18  10589366  10606403    279    279      12  235812       3.2382   0.00060138   0.00014552   9.4652e-05
646000      18  11609558  11610612    408    408      17  235812       3.4119   0.00032259   0.00018733   0.00011522
26256       18  24138956  24161600    809    809      32  235812       3.6322   0.00014052   0.00029436   0.00015867
125336      18  46476961  46657114   4925   4925     186  235812        3.091   0.00099728    0.0010658   0.00027728
23335       18  56651343  57029805   2644   2644     188  235812       3.4207   0.00031232     0.001109   0.00031191
54495       18  68673688  68715298   2051   2051     122  235812        3.097    0.0009776   0.00074691   0.00022966
25759       19    416583    461024   1728   1728     112  235812       3.7641   8.3585e-05   0.00075172   0.00027692
1265        19   1026275   1039068    848    848      55  235812       3.0139    0.0012894   0.00039029   0.00015706
339366      19   1505018   1513189   1305   1305      73  235812       3.1496   0.00081737    0.0004964   0.00018692
79085       19   6436081   6460221   1118   1118      66  235812       3.1791   0.00073863   0.00046078   0.00018096
339390      19   7728957   7732171    782    782      31  235812       3.1289   0.00087728    0.0002611   0.00012964
5609        19   7903780   7914483   1162   1162      68  235812       3.0917   0.00099499   0.00046565   0.00017738
11140       19  10391131  10403595    737    737      29  235812       3.1314   0.00086977   0.00024932   0.00012636
90594       19  11848530  11869491    766    766      30  235812       3.6684   0.00012203   0.00028398   0.00015682
101060181   19  12247244  12267038    606    606      24  235812       3.2809   0.00051739    0.0002263   0.00012451
84449       19  14689787  14733746   1703   1703      88  235812       3.3644   0.00038356   0.00059199   0.00021887
113835      19  22048132  22091109    693    693      27  235812       3.1428   0.00083665   0.00023787   0.00012338
148109      19  35224801  35228725    395    395      16  235812       3.1462   0.00082702   0.00016886   0.00010097
2867        19  35449715  35451767    333    333      14  235812       3.2611   0.00055494   0.00016035   0.00010097
93099       19  35497217  35513668   1747   1747     112  235812       3.0331    0.0012101   0.00069073   0.00021583
84807       19  35887129  35902334   1037   1037      63  235812       4.1338   1.7842e-05   0.00051082   0.00024372
10870       19  35902480  35904271    302    302      13  235812       3.7204   9.9473e-05   0.00017337    0.0001182
126432      19  38867830  38878279    937    937      58  235812       3.4279   0.00030419   0.00043343   0.00018752
9138        19  41883173  41907454   2506   2506     162  235812       4.5025   3.3585e-06    0.0010863   0.00039965
390937      19  41907535  41928122    521    521      20  235812       3.2385   0.00060081   0.00019898    0.0001142
5675        19  42902082  42917924   1294   1294      71  235812        3.506   0.00022742   0.00051073   0.00020969
7673        19  44025332  44033110    606    606      24  235812       3.4588   0.00027131   0.00023517    0.0001334
23624       19  44777861  44800646   1115   1115      66  235812       4.3872    5.741e-06   0.00054701   0.00026715
344         19  44945982  44949565    265    265      11  235812       3.1682   0.00076681   0.00013564    8.899e-05
388552      19  45178745  45217078    573    573      22  235812       3.0075    0.0013169   0.00020083   0.00010753
100506012   19  46480788  46601200   1175   1175      45  235812        3.764   8.3606e-05   0.00038051   0.00018972
57469       19  46491191  46495912    641    641      25  235812       3.1006   0.00096574   0.00022363    0.0001176
93659       19  49043845  49045311    445    445      18  235812       3.0793    0.0010375   0.00017894   0.00010264
23521       19  49487554  49492308    874    874      55  235812       4.1552   1.6252e-05   0.00046555   0.00023234
51231       19  49976467  50026017   1305   1305      73  235812         3.76   8.4957e-05   0.00054018   0.00023067
5424        19  50384290  50418018   2548   2548     185  235812       3.5292   0.00020837     0.001105   0.00032073
84765       19  51855803  51890916    724    724      50  235812       4.2734   9.6278e-06   0.00044386   0.00023192
400713      19  52369917  52385795    676    676      27  235812       3.8544      5.8e-05   0.00027521   0.00016069
147658      19  52429321  52451939    824    824      52  235812        3.177   0.00074392   0.00038391   0.00016344
162966      19  52765471  52833628   1644   1644     107  235812       3.4071   0.00032825   0.00069545   0.00024182
7576        19  52797408  52821678    773    773      52  235812       3.3919   0.00034707   0.00039741   0.00017697
317703      19  53266760  53267907    268    268      11  235812        3.174   0.00075173   0.00013586   8.9169e-05
26121       19  54115376  54131719   1174   1174      67  235812       3.0747    0.0010535   0.00045914   0.00017506
11025       19  54216278  54223087   1737   1737     110  235812       4.6098   2.0149e-06   0.00081537   0.00034904
10990       19  54250405  54257308   1450   1450      55  235812       3.5624   0.00018375   0.00042541   0.00019222
10288       19  54273812  54281178   1463   1463      78  235812       3.4747    0.0002557   0.00054661   0.00021589
3903        19  54353624  54370556   1117   1117      65  235812       3.7854   7.6722e-05   0.00049725   0.00022161
3805        19  54803612  54814517   1042   1042      63  235812       3.3744   0.00036988    0.0004576    0.0001905
7138        19  55132698  55149354   1103   1103      43  235812       3.0945   0.00098562   0.00032853   0.00014621
342931      19  55757430  55763419    244    244      10  235812       3.0089    0.0013109    0.0001224   7.9989e-05
80095       19  57977072  58003346    887    887      35  235812       3.1993   0.00068889   0.00028841   0.00014001
6193        19  58387269  58394804    343    343      14  235812       3.0106    0.0013036   0.00014991   9.0539e-05
78989        2    3594832    3644644   1125   1125      43  235812        3.723   9.8444e-05    0.0003661   0.00018376
728597       2    3703592    3847411    982    982      38  235812       3.5804   0.00017155   0.00032775   0.00016659
285148       2    9474532    9517208   1495   1495     102  235812       3.4082     0.000327   0.00066934   0.00023693
245973       2   10720974   10785110   1293   1293      72  235812       3.3133   0.00046103    0.0005025   0.00019723
9687         2   11534116   11642788   4042   4042     287  235812       4.0505   2.5552e-05    0.0016725   0.00045598
25797        2   37344610   37373322    823    823      54  235812       3.1771   0.00074365   0.00039501   0.00016606
130162       2   55172547   55232563   1126   1126      44  235812       3.8651   5.5512e-05   0.00038094   0.00019437
84168        2   69013144   69249327   1849   1849     137  235812       3.8805   5.2115e-05   0.00089376   0.00031298
55037        2   86106182   86142157   1815   1815     113  235812       3.4524   0.00027781   0.00073052   0.00025147
285190       2  107826932  107892544   2005   2005     122  235812       3.0767    0.0010465    0.0007452   0.00022799
112714       2  130191745  130198461    630    630      25  235812       3.1358   0.00085689   0.00022535   0.00011933
26469        2  130356007  130375409   1223   1223      69  235812       3.2458   0.00058559   0.00048157   0.00018901
151531       2  157995179  158136154    781    781      31  235812       4.6001   2.1111e-06   0.00034507   0.00021362
4065         2  159803355  159904756   3180   3180     204  235812       3.1589   0.00079181    0.0011611   0.00029624
254042       2  171999897  172082430    796    796      54  235812       3.4229   0.00030982   0.00041067   0.00018173
4430         2  191245185  191425389   2376   2376     159  235812       3.2056   0.00067386   0.00094302   0.00026894
79568        2  199955317  199964125    571    571      22  235812       3.4013   0.00033535   0.00021956    0.0001263
22807        2  212999684  213154266    797    797      54  235812       3.2082   0.00066789   0.00039697   0.00016803
79582        2  213284379  214410501   1754   1754     111  235812       3.1308   0.00087176   0.00069356   0.00022292
3488         2  216672105  216695549    499    499      19  235812       3.1336   0.00086326   0.00018777   0.00010723
79840        2  219075324  219160865    608    608      24  235812       3.2132    0.0006564   0.00022297   0.00012118
79054        2  233917362  234019522   2425   2425      92  235812       3.7884   7.5812e-05   0.00064655   0.00025654
79083        2  237486410  237555318   1550   1550      59  235812       4.0278   2.8151e-05   0.00048006    0.0002299
23178        2  241106099  241150364   2962   2962     200  235812       3.1875   0.00071759    0.0011444   0.00029647
5510         2  241149573  241183650   1277   1277      72  235812       3.0615     0.001101   0.00048496   0.00017971
64773       20   2835314   2841243    817    817      54  235812       3.6397   0.00013649    0.0004248   0.00019586
55612       20   6074845   6123544   1159   1159      66  235812       3.3732    0.0003715   0.00047401   0.00019419
27131       20  17941596  17968991   1471   1471     102  235812       3.1994   0.00068857   0.00065265   0.00022024
92675       20  18587912  18763917   1065   1065      64  235812       3.0715    0.0010648   0.00044279   0.00017148
140683      20  33161836  33181417    629    629      25  235812       3.7911   7.4996e-05   0.00025884   0.00015283
140894      20  35954562  36030700   1141   1141      66  235812       3.1287   0.00087786   0.00045739   0.00017756
23051       20  41178449  41317618    926    926      36  235812       3.2487   0.00057961     0.000297   0.00014436
55653       20  50794894  50877854    523    523      20  235812        3.703   0.00010652   0.00022134   0.00013649
140893      20  62410237  62427680   1467   1467     100  235812       3.0504    0.0011427    0.0006306   0.00020665
5753        20  63528413  63537370   1060   1060      64  235812       3.7471   8.9436e-05    0.0004889    0.0002175
6725        20  63539924  63547504   1055   1055      41  235812       3.2148   0.00065279   0.00032407   0.00015026
85319       21  10413532  10491615    269    269      11  235812       3.2655   0.00054632   0.00013951   9.2864e-05
7179        21  10521514  10606270   1491   1491     102  235812       3.3807    0.0003615   0.00066713   0.00023466
1525        21  17512906  17633323   2420   2420     160  235812       3.6939   0.00011043   0.00099489   0.00031662
58494       21  25639282  25717562    779    779      31  235812         3.04    0.0011827   0.00025649   0.00012505
64968       21  34073523  34143034   3369   3369     239  235812       3.1516   0.00081201    0.0013309   0.00031769
191585      21  41175231  41185239    176    176       8  235812       3.3539   0.00039841   0.00012057   8.6665e-05
386674      21  44591268  44592505    380    380      16  235812       4.6823   1.4185e-06   0.00024345    0.0001756
7353        22  19449941  19479296   1550   1550      59  235812       4.0755   2.2959e-05   0.00048342   0.00023329
728441      22  21207972  21239982    568    568      22  235812        3.911    4.596e-05   0.00024538   0.00015211
613         22  23180365  23318037   2754   2754     169  235812       3.2045   0.00067657    0.0009928   0.00027633
66035       22  23856703  23886112   1412   1412      75  235812       3.4208   0.00031213   0.00052642   0.00020844
2687        22  24219654  24245142   1326   1326      74  235812       3.4255   0.00030687   0.00052133    0.0002076
2678        22  24583750  24629005   2224   2224     152  235812       5.9477   1.3597e-09    0.0011853   0.00054103
83999       22  29073078  29168333   2189   2189     148  235812       3.9628   3.7033e-05     0.000959   0.00033158
150297      22  32149006  32160432    804    804      32  235812       3.5049   0.00022842   0.00028728   0.00015163
80833       22  36140323  36166177    673    673      48  235812       3.1869   0.00071901   0.00036217   0.00015867
8398        22  38111495  38192109   1993   1993     143  235812       3.7019   0.00010698   0.00090829   0.00030208
9582        22  38982399  38992779    881    881      35  235812       3.7365   9.3317e-05   0.00031873   0.00017029
9145        22  39349949  39385588   1008   1008      62  235812       4.2366   1.1345e-05   0.00051248   0.00024962
171568      22  41525799  41544606   1243   1243      71  235812       3.4628   0.00026734   0.00050765   0.00020659
11252       22  42869766  43015690    999    999      61  235812       4.0229   2.8748e-05   0.00049129   0.00023264
9997        22  50523568  50526439    846    846      54  235812       3.1608    0.0007868   0.00039398   0.00016505
491          3   10324023   10707993   2369   2369     158  235812       3.8394    6.168e-05   0.00099884   0.00032902
23473        3   15206226   15252916   1843   1843     115  235812       3.0669    0.0010814   0.00070879   0.00022119
152098       3   28349149   28525142    873    873      56  235812       3.8455   6.0142e-05   0.00045008   0.00021267
389125       3   52833115   52835219    272    272      11  235812       3.2653   0.00054667    0.0001395   9.2864e-05
100526772    3   52833115   52897581   1251   1251      71  235812       3.9645   3.6768e-05   0.00054412   0.00024313
375346       3   52836756   52897581    979    979      38  235812       4.7661   9.3918e-07   0.00040193    0.0002408
201626       3   57556252   57654979   2238   2238     150  235812       3.0348    0.0012034   0.00088226   0.00024629
166336       3   64093850   64445476   1383   1383      76  235812       3.0795    0.0010369   0.00050744   0.00018519
26018        3   66378797   66501263   3260   3260     210  235812       4.1739   1.4972e-05    0.0013004    0.0004102
79295        3   98263260   98265350    422    422      16  235812       3.1895   0.00071254   0.00017074   0.00010294
344805       3  112039067  112081269   1344   1344      96  235812       3.7053   0.00010555   0.00066146   0.00025445
254887       3  113947901  113992167   1421   1421     100  235812       4.1824   1.4422e-05   0.00072268   0.00029874
54763        3  123969006  123992170    408    408      17  235812        3.686    0.0001139   0.00020013   0.00012803
105374089    3  126432796  126435544    249    249      10  235812       3.4061   0.00032951   0.00013785   9.5427e-05
28976        3  128879490  128913114   1722   1722     111  235812       4.0523   2.5358e-05   0.00077129   0.00030071
79825        3  129001251  129040742   1157   1157      68  235812       3.6224   0.00014593   0.00050246   0.00021416
66000        3  133038288  133397775   1533   1533      81  235812       3.3175    0.0004542   0.00055118   0.00020772
53833        3  136957865  137011085    631    631      25  235812       3.2976    0.0004876   0.00023335   0.00012738
51163        3  138160988  138174949    823    823      54  235812       3.1415   0.00084032   0.00039278   0.00016385
389152       3  139042102  139044892    324    324      13  235812       3.0939   0.00098781   0.00014656   9.1434e-05
1359         3  148865256  148897087    887    887      35  235812       3.1691   0.00076467   0.00028676    0.0001384
151827       3  169793006  169812866    945    945      59  235812       3.2652   0.00054691   0.00042828   0.00017816
23101        3  183178004  183428619   2859   2859     199  235812       4.0859   2.1951e-05    0.0012345   0.00039101
200958       3  195720882  195733553    946    946      59  235812       3.6859   0.00011395   0.00045638   0.00020623
5981         4   39287449   39366381   2037   2037     123  235812       3.4766   0.00025387   0.00078454   0.00026304
285525       4   44621970   44651641    571    571      22  235812       3.0414    0.0011773    0.0002024   0.00010914
5471         4   56393362   56435636   1389   1389      76  235812       3.0381    0.0011905   0.00050454   0.00018227
5470         4   75859872   75902528   1392   1392      97  235812       3.4713   0.00025895   0.00064804   0.00023681
80144        4   78056968   78544269   7325   7325     276  235812       3.0455    0.0011614    0.0014971   0.00032711
56978        4   80183741   80204329   1481   1481      80  235812       3.0423    0.0011741   0.00052592   0.00018674
255119       4   80335326   80963756   1181   1181      68  235812       3.4839   0.00024705   0.00049268   0.00020438
113510       4   83407343   83455883   1702   1702      88  235812       3.4135    0.0003207   0.00059573   0.00022262
51023        4   83455932   83461723    430    430      18  235812         3.13   0.00087401   0.00018119   0.00010484
4299         4   86934511   87141054   2535   2535     165  235812       3.5112   0.00022301    0.0010025   0.00030303
6696         4   87975650   87983411    614    614      24  235812       3.1814   0.00073271   0.00022143   0.00011969
1977         4   98878456   98930635    566    566      22  235812       3.5946   0.00016244   0.00022915   0.00013584
1950         4  109912883  110012962   2222   2222     150  235812       3.4774   0.00025319   0.00092316   0.00028723
64579        4  114827775  115113876   1260   1260      71  235812       4.1497   1.6642e-05   0.00055799   0.00025696
5393         4  121801295  121817021   1265   1265      71  235812       3.6127    0.0001515   0.00051838   0.00021732
166752       4  143577407  143700675   2179   2179     128  235812       3.3782   0.00036478   0.00080173    0.0002591
55325        4  185399540  185425985   1201   1201      69  235812       3.5702   0.00017836   0.00050429   0.00021178
2483         4  189940819  189963204    715    715      28  235812       4.7244   1.1541e-06   0.00033242   0.00021374
79844        5     795605     858973   1576   1576      80  235812       3.5917   0.00016426   0.00056615   0.00022697
85409        5    1008820    1038812   1321   1321      95  235812       6.2287   2.3519e-10   0.00087942   0.00047672
348932       5    1225355    1246189   1477   1477      79  235812       3.3846   0.00035639   0.00054539   0.00021046
51151        5   33944616   33985144   1287   1287      72  235812       3.3176   0.00045401   0.00050281   0.00019753
3575         5   35856875   35879603    816    816      54  235812       4.0201   2.9081e-05   0.00045035   0.00022143
2533         5   39105252   39274523   1699   1699     110  235812        3.396   0.00034183   0.00071019   0.00024384
166968       5   56919602   56952130    998    998      60  235812       3.1005   0.00096604   0.00042303   0.00016862
11174        5   65148736   65482027   1838   1838     116  235812       3.2355   0.00060724   0.00072787   0.00023609
56134        5  140966162  141012344   1136   1136      67  235812       3.0916   0.00099531   0.00046028   0.00017619
404203       5  148202794  148215137    275    275      11  235812       3.3849   0.00035596   0.00014436   9.7752e-05
6208         5  150444229  150449756    283    283      12  235812       4.0649   2.4027e-05   0.00018166   0.00013083
11346        5  150586037  150659230   2075   2075      79  235812       3.1432   0.00083569   0.00052787   0.00019294
25929        5  154887416  154938216   2801   2801     175  235812       3.6885   0.00011279    0.0010708    0.0003289
2324         5  180601506  180650271   3077   3077     207  235812       3.1404   0.00084367    0.0011738   0.00029629
8737         6    3063967    3115187   1384   1384      76  235812       3.0026    0.0013386   0.00050205   0.00017983
670          6    3118376    3153198    951    951      37  235812       3.3523   0.00040067   0.00030868   0.00015181
154007       6    7590199    7611967    924    924      57  235812       4.2062   1.2982e-05   0.00048095   0.00023925
51000        6    8413067    8435567    941    941      59  235812       3.1597   0.00078961   0.00042141   0.00017124
221692       6   12716606   13290244   1748   1748     112  235812       4.2202   1.2205e-05   0.00079146   0.00031668
100130357    6   13279295   13297297    841    841      54  235812       3.5553   0.00018874   0.00041927   0.00019032
64288        6   28312837   28354506    415    415      17  235812       3.3329   0.00042979   0.00018374   0.00011164
10537        6   29555612   29559925    241    241      10  235812       4.0409   2.6627e-05   0.00016488   0.00012243
56658        6   30326844   30343729    525    525      20  235812       3.0542    0.0011282   0.00019052   0.00010568
1041         6   31115088   31120475    553    553      22  235812       3.2858   0.00050854   0.00021396    0.0001207
534          6   31544451   31546848    226    226      10  235812       3.4764   0.00025407    0.0001407   9.8288e-05
101929163    6   32255717   32407822   2152   2152     126  235812        3.714   0.00010199   0.00082105   0.00028688
10665        6   32288541   32372114   1440   1440     100  235812        3.546   0.00019558   0.00066992   0.00024593
56244        6   32393339   32408879    712    712      27  235812       4.3163   7.9339e-06   0.00030128    0.0001868
3123         6   32578769   32589836    370    370      14  235812       3.5476   0.00019435   0.00017282   0.00011343
3119         6   32659464   32666689    464    464      18  235812       6.0978   5.3758e-10   0.00034411    0.0002678
3113         6   33064569   33080778    546    546      21  235812       3.0941   0.00098707   0.00019862   0.00010961
3159         6   34236800   34246231    656    656      26  235812       3.0879    0.0010078   0.00022909   0.00011879
9025         6   37353972   37394738    689    689      27  235812       3.4143   0.00031971   0.00025171   0.00013727
55809        6   42224933   42452205   1685   1685     110  235812       4.2968   8.6647e-06   0.00078735   0.00032103
90523        6   54010979   54266280   2614   2614     166  235812       3.7398    9.209e-05    0.0010301   0.00032634
1310         6   69866556   70212454   3170   3170     233  235812       3.0111    0.0013016    0.0012865   0.00029868
85413        6  110424685  110476641   1113   1113      65  235812       4.2609    1.018e-05   0.00053174   0.00025618
27115        6  135808752  136195571   1475   1475      56  235812       3.3024   0.00047926   0.00041409   0.00017661
79747        6  146598965  146815462   3269   3269     233  235812       3.3463   0.00040943    0.0013233   0.00033557
6196         6  166409366  166862550   2269   2269     153  235812       5.2666   6.9504e-08    0.0011175   0.00046897
83887        6  167325086  167342689    695    695      27  235812       3.9285   4.2744e-05   0.00027929   0.00016481
55501        7    2403526    2434607    628    628      25  235812       3.5763   0.00017427   0.00024755   0.00014156
221935       7    3301448    4269000   7953   7953     564  235812       3.0019    0.0013417    0.0028414   0.00045073
54468        7    7566891    7607514   1272   1272      93  235812       3.1216   0.00089943   0.00059981   0.00020552
4223         7   15611212   15686683    482    482      19  235812       3.2481   0.00058089   0.00019299   0.00011247
285941       7   26637488   26651531    279    279      12  235812        4.004   3.1138e-05   0.00017883   0.00012797
11185        7   30752135   30757602    500    500      19  235812       3.2783   0.00052211   0.00019438   0.00011384
313          7   36512941   36724549   1668   1668     108  235812       4.1743   1.4946e-05   0.00076569   0.00030786
4967         7   44606522   44709070   1995   1995     142  235812       3.2252   0.00062946   0.00085939   0.00025737
83605        7   44999746   45076470   1073   1073      64  235812       3.2374   0.00060317   0.00045384   0.00018245
136853       7   76389329   76409695   1098   1098      65  235812       3.1128   0.00092666   0.00045093    0.0001753
22932        7   76609986   76627303    475    475      18  235812       3.1306   0.00087212   0.00018122    0.0001049
26024        7   99416739   99438839   1639   1639     106  235812       3.0575    0.0011158   0.00066201   0.00021261
100861540    7   99684679   99735200   1130   1130      66  235812       3.3575    0.0003932   0.00047293   0.00019306
4584         7  100949117  100968347   1097   1097      65  235812       3.5922   0.00016392   0.00048365   0.00020802
548644       7  102521171  102572660   1004   1004      39  235812       3.0018    0.0013418   0.00030063   0.00013524
93664        7  122318424  122886759   3372   3372     239  235812        3.026     0.001239    0.0013171   0.00030386
65999        7  150322639  150338156    591    591      23  235812       3.6819   0.00011576   0.00024011   0.00014263
90459        8    9002804    9100256   1241   1241      70  235812       3.3953   0.00034275   0.00049742   0.00020063
4481         8   16107878   16192791   1930   1930     118  235812       3.0935   0.00098908   0.00072627   0.00022602
51201        8   17156020   17222732   1228   1228      70  235812       3.0526    0.0011343   0.00047369   0.00017691
2267         8   17864391   17895538   1233   1233      70  235812       3.0837    0.0010221   0.00047582   0.00017905
9420         8   64595972   64798791    785    785      31  235812        3.441   0.00028977    0.0002777   0.00014627
7013         8   73008862   73048123    912    912      58  235812       3.1555    0.0008012   0.00041566   0.00016975
56704        8   74234700   74321500    853    853      34  235812       3.6154   0.00014994   0.00030565   0.00016153
23414        8  105246436  105804539   1334   1334      73  235812       3.2531   0.00057085   0.00050365   0.00019413
7373         8  120125108  120373573   3970   3970     285  235812       3.3014   0.00048102    0.0015708   0.00036263
29028        8  123319850  123396465   2505   2505     161  235812       3.9673   3.6346e-05     0.001027   0.00034446
79792        8  143553387  143563062   1220   1220      69  235812       3.0063    0.0013223   0.00046522   0.00017267
5339         8  143915147  143976792   9200   9200     347  235812       3.0762    0.0010484    0.0018389   0.00036788
392275       8  144047114  144051294    941    941      59  235812       3.8442    6.047e-05   0.00046725   0.00021714
727957       8  144148016  144261940   1405   1405      76  235812       3.0991   0.00097046   0.00050883   0.00018656
55871        9     121038     179075   1420   1420      98  235812       3.3531   0.00039951   0.00064394    0.0002284
157983       9     213108     215893    662    662      26  235812       3.2309   0.00061702   0.00023619     0.000126
286343       9   12774990   12823060    621    621      24  235812       3.1694   0.00076385   0.00022084   0.00011909
4799         9   33290420   33371157   2129   2129     125  235812       3.1582   0.00079363   0.00076736   0.00023741
65083        9   33461353   33473943   2055   2055     124  235812       3.1854   0.00072272   0.00076459   0.00023884
64078        9   84275850   84368632   1472   1472     101  235812       3.1461   0.00082744   0.00064325   0.00021505
286234       9   87882857   87888899   1617   1617     107  235812       4.2159    1.244e-05   0.00076387   0.00031024
158293       9   93443332   93453592   1122   1122      66  235812       3.1226    0.0008964   0.00045698   0.00017715
84909        9   94726604   95147311   3542   3542     246  235812       3.5909   0.00016475    0.0014148   0.00037193
7507         9   97654398   97697409   1441   1441     101  235812       3.0752    0.0010517   0.00063769   0.00020945
5005         9  114329789  114333256    575    575      22  235812       3.9732   3.5463e-05   0.00024865   0.00015539
80709        9  114334149  114398551   2390   2390     156  235812        3.212   0.00065914    0.0009286   0.00026721
5742         9  122370530  122395705   1311   1311      73  235812       3.3508   0.00040286   0.00051057   0.00020105
169611       9  124777158  124814891   1398   1398      99  235812       3.3657   0.00038176   0.00065019   0.00023049
4010         9  126614443  126701032    864    864      54  235812       4.9517   3.6777e-07    0.0005169   0.00028795
54662        9  128787207  128810432   1070   1070      64  235812       3.0845    0.0010195   0.00044365   0.00017232
51490        9  128819651  128829847   1237   1237      69  235812       3.5712   0.00017767   0.00050436   0.00021183
56904        9  129007792  129028353   1182   1182      67  235812       3.2768   0.00052488   0.00047285   0.00018877
5900         9  133097720  133149220   2724   2724     193  235812       3.2804    0.0005183    0.0011194   0.00030124
7410         9  133761894  133992374   2836   2836     198  235812       3.0766    0.0010469    0.0011232   0.00028378
8019         9  134030305  134068533   1391   1391      75  235812       3.4782   0.00025236   0.00053058   0.00021255
10555        9  136673143  136687459    834    834      33  235812       3.5035   0.00022956   0.00029328   0.00015336
26012        9  137447570  137459357   1814   1814     115  235812        4.024   2.8614e-05   0.00079031   0.00030273
100132403    9  138215351  138252775    394    394      16  235812       3.1523   0.00081007   0.00016912   0.00010127
